0.2821051550155892
0.20261892144045834
-0.05599989923311294
0.07096101745470752
0.3282478263976252
0.18084448429462008
-0.15353175440844194
0.07632658337801126
-0.09481578342032018
0.25661871409338327
-0.5947654573433679
-0.7105668088383388
-0.3220471154705937
0.17000392915525905
-0.14140919036514096
0.03695615440863573
0.3316657754563652
0.3612899173591807
0.2980259661152358
0.6240927455275934
0.6389434389698274
0.6108481265445616
0.7863526076811874
0.806223171538744
0.8290700715056251
0.7407284730250246
0.8783966306402127
0.5086298369865234
0.3761856526346685
0.24591988519574395
0.19236435235084667
0.5703716478062026
0.4234259429304522
0.5811223715047252
0.49102953136210736
0.2622729936435205
0.59889192083177
0.4088384965775612
0.42234303056482236
0.5061338271607989
0.5542096483041213
0.8704555412867773
0.6582397499278176
0.36344321593331363
0.33106019962298316
0.008821397052942576
0.48083156873559796
0.5553344536369048
0.6803450564585001
0.48775581311613236
0.37574583506289494
0.26989186547959787
-0.06837557791081161
0.3370588818497303
0.07669224354021922
0.2592053034595072
0.31233571073082067
0.09784754160464479
0.6874307335747931
0.568460677218444
0.6371853414070938
0.05432615966395252
-0.01027624997786597
-0.00016334427416331287
0.22864657352939807
-0.11672275092152837
0.02982423966538894
-0.37116950156616435
-0.5626206069651836
-0.4927385009255897
0.015612186859514932
-0.5007807862867756
-0.05426540508211852
-0.11212266702534004
0.49577956231470255
-0.23809722973410866
0.06122105087905072
0.5229800899437542
0.7725354055493152
0.6824301804278632
0.5975877213183997
0.7979683210766656
0.7801561104410837
0.4380902574884947
0.7410833154047147
0.9259259622064179
1.0314870199419068
0.9539704184265096
0.9157947401468134
1.019720717414872
1.061620953388218
0.9258375865463506
0.7272033565925655
0.8347290493664326
0.1198054596501987
0.3552053438545768
0.5817775588483537
0.6492572019959648
0.7516488285087484
0.605226138230315
0.629575305597806
0.6549485013697455
0.8384106570920994
0.5871016437668934
0.6677719459847726
0.95283154151786
1.041358634852323
0.9663707426570916
0.9969906529609964
0.8032534666461659
0.8478427862791672
0.7455563547642827
0.9977176471193704
-0.04115146997571953
-0.3572483804745805
-0.43996983095214726
-0.36943979898369805
-0.2549115189624229
-0.14092994485058521
0.19165756157395467
0.34960824870569374
-0.03614143186966623
-0.2993243146610448
0.19536104296496415
0.09428500293757615
0.22138771138912822
0.44301766399899756
0.7070713530913996
0.9250437699724321
0.49587107463006874
0.9560760212377647
1.1844683062331105
1.149610147081953
1.1135928336209018
1.1373308915890978
1.3039453933733247
0.7402293699968359
0.7607417368453255
1.2143841395851436
0.6854154345232426
0.8180394600887012
-0.9100403203221215
-1.2314628021214609
0.33710351754412926
0.644029439617075
-1.1675897851337962
0.4549362535617466
0.25253648492885417
0.5224372484230205
-2.009523457413554
-2.913786419477505
-1.5349801604123883
-1.0400850504276766
-2.0704564396363594
-1.9834352631020484
-2.9308179610300247
-2.2070740513502134
-1.9904121299765298
-1.8935652352796633
-2.60692805185474
-4.227650423219065
-1.9778181840502211
-0.4016227015737295
0.04823755944473759
-0.1485548650871749
0.1863046312129395
0.6926047560713132
0.5666268845281589
0.8040505033373688
0.8632993966051737
1.0351551719998524
0.8435367663585855
0.43958057251509386
1.1499316033168474
1.1358750129468111
1.097652110387438
0.9824344388644152
1.2410972109575673
0.6544428819299474
1.0636671036173135
0.6987249279008385
1.169030885047038
1.12927496759633
0.13180400966744235
0.7212246780045966
0.7696150569890764
0.8843968481050791
0.25920356231260666
0.7119762983350678
0.5194465743569531
0.6515531648792632
0.9405753121435477
0.7777321356127229
0.49221534848086335
0.601529032421643
0.22935679194792524
0.03276609813451012
0.19345227036683435
-0.9343298868704635
0.048641942024552215
-0.2770427240338945
-0.00285084964830698
0.19929617141762884
-0.39723522154501734
-0.5901565024227311
0.10673213017901863
-0.3531633188031297
-0.18304588353205367
-0.5345892391510128
-1.4410456173604203
-3.0344508385820803
-1.1282104166541833
0.03485627299947672
0.2141880671341789
-0.10790025133763234
0.3695998760384359
0.3875026473094052
0.41132273715200107
0.503467957345633
0.39335752397317536
0.6900615707597741
0.8950096592024391
-0.019116433147848916
-2.1720209468132747
-0.6464701155920652
0.4644610454764809
0.3445560890028135
0.8631422007780881
0.5832208579126477
0.0787032857794637
-0.01734160067433646
-0.9071489753303912
-2.0394693072284027
-1.7468946482695464
-0.9979658471563628
-0.5147673415754132
-0.6177538040717239
-0.031813385461229776
-0.05453806662408034
0.07124824989101106
0.4877448264343459
0.49919540908315263
-0.6364105340070416
-1.7922787125322874
-1.9237374298443288
-1.3169744632054086
-0.9802885835111457
-0.34334851768246033
-0.608439503221275
-0.23233959842329024
0.27911135047059743
0.6183057598551956
0.034916950381419176
0.3456878986392188
-0.835788701997012
-0.09127367482845591
0.24863731483358734
0.46478329765012594
-0.49518064006564266
0.05023182509587523
0.28100543297906944
0.42210379255461206
0.7831186477361904
0.25160518085899686
-0.07310659100714137
0.9810622552176875
1.0449194779956295
0.5156114236654925
0.3846244205245697
-0.23244154297975386
0.549527797206903
-0.21177328211993443
0.051378084508156396
-0.06202984848686435
-0.15165076772293853
-0.46550389483762156
0.043757289708272
-0.5455037591085461
-0.6087817825457444
-0.9278759481998826
-0.35562519804292203
-0.7753246502934592
-0.6910692331332998
-0.9104919406186811
-0.4800925397903013
-0.9629950311946054
-0.31764388591866355
-0.10504471997845566
-0.001487318024363471
-1.327925482727996
-0.3141391700478243
-0.580393203439636
0.268652643722574
0.5736636873144451
0.04429449944087577
0.29627506092537625
0.24770233411051495
0.6544631318529813
0.7511203285347983
0.7685437485985288
0.43138118896979594
0.743001236670017
0.01339210041471671
-0.7676301720524246
-1.5175697807646975
-2.3589696612213373
-1.3761959508265516
-2.5738527717033906
-0.17978455949136404
-2.5271932617520387
-1.6144002035827179
-0.30840157686775704
-0.4692098159190572
-0.16073610815323933
0.28472667977022303
0.2116247699707718
0.4932406840441804
0.5218191798732642
0.4533865897313757
0.2951289097409462
0.14087232634526653
0.28650798584139475
0.6311460287720727
0.799603834029337
1.1986016805351742
0.2705117822022183
-2.366556881242992
-0.4433832787080447
-0.11723923230624902
-2.836390305070112
-0.23385463125564884
0.2007625610413909
0.2645637221679273
0.17774422389527617
-0.1649364737059125
-0.3307914293848039
0.06065124883912114
0.42613520132042604
0.41956066649044466
0.32859056615602944
0.19800210991555728
0.11163199571905147
0.7720177644805294
0.8953328689154578
0.46035405159012033
0.8494419399215247
0.9456653195861208
0.6088058005615213
0.6554337113884724
0.5025755462894789
0.41295192009524295
0.05497289275183839
0.38261445518186354
0.6009485104106901
-0.7522851285700372
-0.5058553797190546
-0.048486151839589736
-0.6000138341871604
-0.22780774357211583
0.885310403686304
0.9628090740775482
-0.3479652340014494
0.19990079872773725
0.6144435973571643
0.27941384217533055
0.858931266083826
0.7621767539509866
0.4529266828861458
0.05994929738972732
0.8982893676781951
1.703975893957702
0.41400658979111116
0.7297962000487198
0.8279616430863356
0.8898482234557615
1.0253094788221901
0.7544473517516785
1.0232176505507808
0.8792307892017873
0.23541863575636293
-0.19937613862438566
0.3032557685987479
0.6181717962595882
0.733247484543449
0.7551280874681867
0.20357130000355725
0.703017281726671
1.0694809460908221
0.6544410852252975
0.8174791319231856
0.8136446906844857
0.3976313030657703
0.6102021351981517
0.5206315510803959
0.7835593014360396
-0.29140728592384524
0.3309980745070116
0.7540940998484806
0.7281109373889186
0.529393646871528
0.04072459922604013
-0.7216060995336162
-0.19695371919785645
0.31896652233994993
0.7354343976597757
-0.16515767677085294
0.18146616953731629
0.047935768181118665
-0.2998253096849337
-1.7216074555641943
-1.6213649034336373
-0.3869668826224608
-0.05493416352107877
0.44495698795124383
0.1439593657878609
-0.5597455326806432
-0.4425487201412399
-0.08206458188255708
-0.21602774477562672
-1.8151462382132209
-0.27824279020670395
0.17759720873618923
0.08791145836336392
-1.1493669497419285
-1.240049372103574
-1.256475923330565
-0.9950143683982278
-0.550823507040445
-1.060538969824856
-1.970566950667788
-2.4626437535264665
-2.487011193776139
-2.109286369029981
-0.7244237810920814
-0.30496959337412943
-0.0909887293645362
-0.35000949617315347
-0.41935066651350883
-1.1701539303313997
-0.6948917652538145
0.030066392251855076
-0.8165455659713177
-0.7059605252903995
-0.3317720311785378
-0.0867744654293782
0.5574337911031751
0.24735929012985677
-0.6544909512689441
-0.2875136316783794
0.25757607581215547
0.4902991405597019
0.480823478724571
0.6086491801183924
0.5280152766674672
0.7051676253284318
0.6689586696781563
0.36055375058184647
0.6521657549904457
0.41334438014870656
0.2964089901523894
-1.1453757530116568
-2.0732644785096843
-1.3558569639449056
-1.3298262880698692
-1.7362108619149768
-1.1557526867663628
-0.22208746012520345
-0.8289386416395554
-0.5777475642529087
-0.5737205332861944
-0.5165775239750591
-2.3077085413719356
-1.252119945182802
-0.5373836875320196
-0.17542943220726973
-0.2319860851383512
-1.3722510074505967
-1.5811813803135004
-1.30689076752591
-2.0618446210774923
-2.5238360102555544
-1.5755692841642484
-2.6389317781035766
-3.632469339757483
-1.336788698282911
0.2012252413902795
0.30060617974128656
0.030527163854319916
-0.21457346224040733
0.3113696945261032
-0.2133217721447063
0.02906010960661383
0.4996990813674851
0.6682343175720973
0.5113528349407237
0.7824310175197324
0.4657710988901058
0.7265778853853426
0.5883580678095287
0.4355681111885603
0.5424938376300261
0.01703561976496304
-1.6301735041092118
-0.8918006859117189
-0.49092956265871734
-0.130956765866205
-0.19168299701757066
-1.3419178980232112
-0.9396461505920513
0.3779965495301628
-0.35493818951598755
0.5492250646435847
0.787489940192223
-0.38521459478986797
0.5085965617167794
0.6026816680248045
0.8985759538169693
1.0528435035204835
0.8595072598417928
0.9261655869808946
0.7143216452789779
0.7001818725955202
0.445220920772176
-0.20751520556973582
-1.7470767340813735
-1.0751897714571401
0.21662373312296
0.7580688307211985
-1.5305344165913553
-0.8493613897521441
-0.512535245910284
0.19050731738988988
0.36671926626928886
0.42124562043147873
-1.560111505049961
-2.559886782567591
-0.34871340008579177
-1.849959605104724
-1.1331313264683411
-1.9790348296274998
-3.438514017734427
-0.8960601823183554
-0.4538949089967128
-0.9850025469515906
-0.08037340210559626
0.4571526022043796
0.45709032907394787
-0.03079480281669228
0.3693401886881178
0.3762022154661009
-1.2274133331318187
-0.36945740350359846
-0.0978138967235776
-0.16809729832573425
-0.648174729649788
-2.363023878237668
-3.7132398302817866
-2.3714726055073
-1.799278358461492
-0.8975080416699797
-0.30903708305906263
-0.49994613455651193
-2.439147899793849
-1.4565371671548561
-0.22365741832365996
-0.11645572144619445
0.15700456297291615
0.500176353793427
-0.19066477636327298
-1.0985597816848
-1.1175417862613055
0.21004325913226668
0.5844819515084976
0.2335856594920927
0.4851607798741291
-0.03462915967163735
0.3971342936665875
0.058708915451617216
0.2165579044320696
-0.15065982055380708
-0.42551525023340575
-1.7490987768774025
-2.5264288320648842
-4.023824956716932
-2.786046812624169
-1.127456261985055
-0.969715960350046
-2.1777052384497106
-2.5845018473980472
-1.1759869797965268
-2.2414924335444026
-3.4123812242994065
-2.202023438455589
-2.727725838162836
-1.9754384107950818
-0.11573451321524811
-0.8579609589474326
-0.47695275813392946
-0.3606613253003913
-0.9584550043072533
0.20109162207533027
-0.06750143055682403
0.4906532520718103
0.835153241202234
0.7564239603970712
0.13903860518404185
-0.34357242933247223
-1.2449256175531656
-0.325532016139202
-0.004168648300043404
0.23107593147382555
0.1729780542025156
-0.3122150609323765
-1.1886530728127271
-2.292898198315528
-1.0496718130685732
-1.241315636746281
-1.1608908480760676
-0.9380934007579886
-1.4399842843160071
-2.8167334763806093
-4.188710672698147
-1.5558731678400348
-0.852294570796993
-0.7241862060386071
-1.9820656878908316
-1.2684856879299695
-2.3186098084678686
-2.0020542900545077
-2.24223342349717
-0.9710289988469498
-1.228136200978586
-1.8461905114545285
-1.7588296662172362
-2.28015928729777
-0.6631491305879827
-0.053409253416252134
0.3800136028671064
0.35603795526778226
0.36503212653038297
0.26540886548768367
0.45753073368969077
0.12623851904301633
0.31378832703259685
-0.7046020642408797
-2.916852431038558
-1.7690318609739861
-0.7364254168234731
-1.225170290268414
-0.8211746736258148
-0.8514545908772593
-0.41045455160507305
-0.9716936884581076
-0.8847298931609298
-1.1258508183417448
-2.0085719349390603
-3.253396394817538
-3.0903174736146926
-2.3261303827029143
-0.8494765785972309
-0.49339584001979364
0.04136062445274272
-0.09712541710108516
0.002399936469475089
0.21678425890584319
-0.4509424513388285
0.01877822118695971
-0.10872164774202889
0.4796333307429762
0.0656783773042493
0.4873068529241624
-0.14305656559815108
0.4227037972402906
0.43229262657189815
-0.09962416927595252
0.2089706342299077
0.3251927001014677
0.44461891696968525
-0.5704303263260708
-0.15730939076224545
0.17728822510464254
0.33541789151154244
0.401147372433304
0.5169959483650886
0.171536544423747
-0.31902295715132867
-0.5609083552604136
-0.49620892398022876
-0.40552440701037973
-0.342326747985107
0.3426069531894812
0.5218165212731567
-0.2121410424133879
-0.485002386587031
-1.9857348895799383
-0.09847536591643621
-0.37546570441122773
0.28821042439430467
0.1986866241460063
0.06916525715319413
-0.5481716457422352
-0.6912562411179932
-0.8275733759807545
-0.19355225177350413
-0.3315675385389706
-0.14869554593987513
0.17735044504663816
0.399583256281287
0.36656846088198214
0.23807515543078822
0.3025813821635489
0.12438304428305877
0.2330539759791589
-0.034771049379600294
0.16481057868453602
0.20939680791253779
0.3607226336271695
0.16968262888476654
-0.31459942245511596
0.19920714692767838
0.37024293828602883
0.2030212964972624
0.1618952672123712
-0.010626356921552088
0.35570705797775837
-0.18856592487333748
0.009953108872253827
0.2987295701606819
0.1171813938512965
-0.7210513877321707
-0.2882713793441727
-0.22362799571649847
-0.042646511297013995
0.016785563246523708
0.11046022489616267
-0.007582928794284349
0.007389322591533534
-0.10094911277245869
-0.432685322692827
-0.6549911580530975
-0.34344204271693723
-1.1484571714883962
-0.09321571510772853
0.5341233901567497
0.5195641062013691
-0.11779551045001382
-0.580265220474385
-1.4285009865588039
-0.472235761370974
-0.13022806204335655
0.05144545469851383
-0.1314929336685147
0.13242657902701277
-0.38583560301352227
-2.007873445141088
-1.8100568550032878
-0.49356954090971383
0.16105312865907992
0.025531991184665148
0.3916610233065405
0.04556696649517891
-0.15950838036896411
-0.16622595903678886
-0.03315485549164965
0.1038560876100041
0.07940499907238449
-0.45839286474209673
-1.2204859907474022
-0.18527877252048
-0.3614210191904087
0.0574094961086177
-0.03276752771310665
-0.40500556215055794
-0.07018486348029018
-0.12142947160765274
-1.9921601317831448
-2.2958044579996923
-1.647244194561004
-0.05286930879822502
-0.009172096135662139
-0.2299595304307082
0.2884898591717465
0.43208877845029214
0.5142047489748924
0.20238408301370958
-0.37636883020206036
-0.6111718681699995
-0.244944650361153
-0.7940929177828492
-2.5178103868425885
-1.728922776713594
-1.3257915141472172
-1.131267785229586
-1.809784439217867
-3.2201265341240886
-1.8845765019688827
-2.5637090899368387
-2.890719107689154
-1.2916309163608484
-0.3448900431754417
0.2801474817116686
0.2217432639325942
0.4114264785391327
0.33903306018781715
0.22928506553467143
-0.6489614319599001
-0.7476517422785234
-0.023508236900216917
0.006312610483422049
-0.49121521197166873
-1.9090021310605902
-1.300947308814665
-0.033990089547227376
0.16597914207474956
0.5799771239740141
0.5009147257491973
0.3125904004330247
0.6099696209895233
0.7261660149317908
0.8708351613364818
0.7930641448325134
0.3942044897172591
0.640664643422344
0.7005870081181161
0.8796294675442802
0.11066434323809618
0.40270805857124725
0.47322134204607447
0.5824927441375011
0.46957186702608045
0.37970500345779723
0.2634884739681118
0.560646743493524
0.5208891199308213
0.26646176354621165
0.6261014468637737
0.11674252063591226
0.29769728762331316
0.29646530977450336
0.11052652183696665
0.40302848501307964
0.6865174962334183
0.6940749134266685
0.18455088092368116
-0.21777006629158221
0.03292293945539494
-0.6353992221755694
-2.196187034639485
-3.221683249099354
-1.2498126137732781
-1.319794975450905
-3.0918609182597914
-3.7804583830172356
-0.9485309953795005
0.0962843086008767
-0.2018629069564444
0.09773380363325344
0.35506316118804204
0.3064506239145899
0.27652287841092604
-0.8704472053960641
-0.7477534167825464
-0.1720076065039063
-0.06395124540556832
-0.20954787384270188
-0.06963425608423363
-0.6055470935613287
-0.023237399346419607
0.12750510961682643
-0.6742678172751422
-1.9362808351422267
-0.9482909522681009
0.3425103270858035
0.21747738447194473
0.26062809158352845
0.4867185102292747
0.6831143940549917
0.061451392622096285
-1.2268552976601859
-0.5317269273611152
0.03266447158845623
-1.1480711154461727
-0.2832936259132498
0.12809362557470116
-0.1280689762026185
0.25205970827146734
0.1649992568167326
0.21395102877832733
0.3741295817256908
0.30246600163064563
0.2571153333143841
-0.058891589848189374
0.3320927899285034
-0.05400586699747492
0.08287967956214112
-0.15100453145917694
0.14050227132527854
0.2590745011621309
-1.3699247993646333
-2.5157449728109746
-2.679209868229129
-0.8564960044291068
-1.5601099449571496
-0.22803922899193732
-0.31935568812779214
0.20738194564906806
-0.0352739714658602
0.17702666130769415
-0.17598304071894297
0.0030815301842088694
-0.005981963556584313
0.09010372622623894
-0.8766675869118667
-0.3888591074514811
-0.4797898571422473
-1.2167149761190545
-2.5866987988136207
-1.0431549666016406
-0.3230264364840132
-0.7848097336828388
-0.5184151563350314
-1.898470264378613
-2.5577520260027864
-1.694287613091793
-0.30649735201327377
-0.4322266636096095
-0.08380345814574902
-0.5154048866027002
-0.509850478208952
-0.27804381811669043
-0.02020050809441823
0.148512375323094
0.1655520781441615
-1.3628679462853914
-0.37648048893269237
0.20266509348886005
0.08233262380678208
0.3839760429751282
-0.25392973327790347
-0.5811666930606759
-0.7670848064973925
-1.0802763928851742
-0.796998237179104
-0.5898739196421403
-0.36244147037444996
-0.6189442966346864
-0.08115394427431419
-0.18056789776542756
0.3317186705937161
0.7682755669036087
0.5630239928145491
0.8763322041455365
0.5719825141522258
0.7806796545238048
0.5799552223043999
0.09746389038517186
-0.108371087998716
0.055587955651563936
-0.5537239905368453
0.1123127360451353
-0.039806539765007254
0.11841128176900186
0.5281466058660004
0.2787051125938086
-1.1958956681309039
-1.9514047744123013
0.08409255559602041
-1.1469863739368553
-1.3392081034890675
-0.4855355240779943
-1.043854851039891
-0.812261038710407
-0.16442258997671874
-0.16552391797656893
-0.31630509591802536
-0.9355802966127895
-1.2464835749105927
-0.8249115621997348
-1.942114926250692
-3.176268705000877
-1.8552892135430186
-0.14571077678336378
0.21569490665179764
-0.020373513183325864
0.274996442213224
0.364387305925979
0.5621563909328333
0.4524073705114353
-0.3314440510030344
-1.1979792020109508
-0.1605891013647807
0.2638857551217417
0.19729084785421153
0.11105383151259694
-0.9440788237081674
-0.33391384874184593
-0.3414442624732523
0.16701433346606792
0.522611986541267
0.0831954466835276
0.5565560553022326
0.4023861901806013
0.39630084642056584
-0.024874637337447464
-0.8569211421369778
-0.6340011262014136
-0.8040969625105765
-0.059769537244749316
0.1301730680965981
0.5362659856292027
0.16165994646794565
0.5070214855767746
0.8029018829855844
0.9494318262345814
0.768281244609363
0.8760918304520634
1.0440329177554402
-0.2914768490083771
0.641854881518148
0.5635598562914854
0.727517609867719
0.2846818649184791
0.09330957565891426
0.4639254765066876
0.1286750790781037
-0.1060985154805951
-0.33615441145022606
-0.21855889496608868
-2.6351359037610513
-1.7205595112352299
-0.17039229184372426
-0.24341086110809942
0.18821627773538516
0.3482160632171566
0.5716168911966873
-0.848714584066087
-2.6918128734342432
-0.9627274360427092
-1.5861606756603428
-1.9723658105051343
-0.6340749148604867
0.19611251715988523
0.5721295131982629
0.3983516518479925
0.23522100515572983
-0.38949236020823985
0.03642540609552389
0.35585399338754475
0.2993097282378876
0.32209984614837905
0.4985538667033007
0.7344636953041368
0.3925268978306521
-0.22616935054839496
0.22670454445006638
-0.832464401441394
0.05445740808588731
0.29893973587222994
0.1674726489373151
-0.7179992284371864
0.27841738722630116
0.39974373205823477
0.23844291052144945
-0.4349532569884741
-1.0677321040061025
0.40428437732520095
0.7456967826152884
-0.19313121529789193
-0.5802466733942829
0.13105413337903224
0.6251634698366039
0.7126591017678137
0.47170630136341707
-0.36526525920373754
-0.20510433698347466
-0.04158528325488811
0.0031985839671595795
-1.5869656354871615
-0.22199596309275652
-0.29345248724805195
0.25187442934070714
0.1069681057904498
-0.581688388576057
-1.4904114770934591
-0.11747033156428491
0.4681390709503219
0.5462522723868678
0.4847918547305108
0.707187520096211
1.119564087940807
-0.03774224095266851
0.2642539158597204
-0.27318897132419717
0.2704465390794295
-0.31200446706375484
0.789489656173502
0.4926201182658405
-0.529085085211949
0.08720698933958776
0.20709587392095716
0.03884684482956344
0.3181160640161613
-0.29699650346977235
0.6800428895201812
0.936216264912201
-0.046291560141916516
-0.5620274723398857
-0.7258123853645297
-1.1626487258371951
-0.8413358159380026
-0.7510595520862848
-0.09649369632578608
-0.04736942831365823
0.22072625874501503
0.18712477992277893
0.1010614529393973
-0.5158465326079784
0.28136922818856064
0.14180485325643954
-0.1860098044386819
0.3275312209030897
-0.058399203737364985
0.5217237000772202
0.054546554524795815
0.3947080160209754
-0.4399968773988804
-0.6693517916299556
0.03518156224828814
0.06727678365890714
0.1454142749977733
-0.27654203095838636
-0.5867620433304275
-0.25263429604556087
0.29939400590366283
0.36932794431354776
0.7215344895070235
0.43594685466353933
0.1774066982468067
0.4693282664217818
0.6313920051347028
1.0164218717649862
0.6949707537267598
0.6518777344115251
-0.811583242771648
0.02440759950977983
-0.6213046121594057
-0.06589924700139269
0.29815170144151215
0.45891387270686823
-0.1355522803353236
-0.895065103901602
-1.81538987304356
-0.8779382078858944
-0.009531849816887178
-0.1846360197633232
0.10048107527813085
0.2719199611183235
-0.21368860966699746
-0.2890494606805236
-0.04730733237861465
0.15565173354531192
-0.07055118044986664
0.4636912855516837
0.2799718557850417
0.9246370309091887
0.9419339846919281
0.9144252959078348
0.9380562135542247
-0.2019375258290612
-0.40794434343532227
-0.34107387684974233
-0.013251357106623146
-0.3272728958775326
0.30380034297574493
0.5404820866490434
0.8521487507960197
0.9511912998213119
0.9080734670059422
0.9316479682647281
0.3949709692501012
0.8202878009654281
0.7907391491838291
0.6430853926883491
0.44689375851176927
0.45935670944847273
0.20874680087110306
0.3113796650357584
0.5493539481712795
-0.36327868941300756
-0.14934723438786182
0.09740518328665083
-0.460927690563238
-0.39858429038153775
-0.5123415592723587
-0.21856583118385334
-0.8139513191715542
-0.27272491433250023
-0.023698501347939133
0.20001228955594533
0.17037592048122976
-0.22615772533443476
-0.17866121010396754
0.03585101514840423
-0.4095501942672092
-1.2204864328816705
-1.6329691743165764
-1.0374069709772409
-0.7362027542702985
-0.3667980915293253
-0.2695628481758857
-0.4377345361362336
-0.6423249174104739
-0.7282464946148879
-0.42295728085205453
-0.15327145134018585
-0.011917455073960137
0.3106786051809318
-0.15278189598352052
-0.12023298595639387
-0.04903139341928239
-0.41027341877444545
-0.33462259333481525
-0.6654821011004879
0.37200716903648245
0.5388189055870094
0.4996829683482811
0.5031527665186574
0.5973631953892711
0.1824651608030913
0.5318693038035874
0.432120288703447
0.5848615506122227
0.6795569107203856
0.4452084704551025
0.426206762958113
0.4608519872570711
0.3052716083273441
-0.27372844273605124
-0.3250311288002785
-0.004945168705074499
-0.3423692578573929
-0.1480311427478017
-0.033675661548870556
-1.4056512720533874
-1.7740347172896618
-2.324911366355517
-2.8241603450516917
-2.735073338067039
-3.440654166675676
-2.099560462338958
-0.6188317142952129
0.12459555864734961
0.21673549130665
0.4219598142892136
0.25884686115802175
0.3988690325689388
0.5683471590312157
0.6391076577125242
0.48112418779257504
0.2587492591735334
0.24477356120714852
0.03286117639702005
0.3915528946803526
-0.09402138879922872
-0.08941131409928574
0.3815755172785008
0.2907355916270733
0.08411412298494989
-0.5057137851244322
-0.21788031198512228
-0.09688185044217087
0.3997807106611726
0.43094125317398646
0.4922367936687032
0.5907888292973763
0.45806771980368455
0.3913988457511606
0.5686835521230434
0.4375541113660808
0.048764808844741825
-0.03753757370104807
0.2462431942097791
-0.3756030096497065
0.03376971802725334
-0.38221089170527667
0.011856917687381896
-0.6232766201980828
-0.21746863511420375
-0.40418651984424225
-0.6095520329644851
-0.4359668937575929
-1.2843017949725304
-1.6511470192139643
-1.4186185151778568
-1.728462484069304
-1.4529557705602556
-1.5143277930197758
-2.5331530952871075
-2.832566857168339
-2.93501235118115
-3.5148632610714845
-1.6217007432861303
-0.5490107115193218
0.1533694442178612
-1.356469722392238
-0.3386090729742067
-1.3618734129259087
-1.6289514826094853
-0.6091542975598034
-2.018556658614987
-1.3016493350758809
-0.3989787061479859
0.09010653882796016
-0.11059943298649993
-0.4704791559899266
-0.22292788254066756
-1.0963037154350928
-1.0431770895477412
-0.7687726676333795
-0.5863931007901917
-0.7169400414344509
-0.33384635191388234
0.04660881332086668
0.05610008119724838
-0.06501022392051539
0.23458307776277001
0.45984913665038896
0.5521302300928582
0.22478195138730975
0.12849250588995637
-0.04941387452470977
-0.10300905335752633
0.16207025865213787
0.043411468704625714
-1.638666200415332
-1.9269389954704292
-1.0181671029334025
-0.11477209989717715
-0.38691762826175624
-0.31076841027971736
0.35750721239272976
0.34469453719138154
0.39185874044487823
0.44383143154099347
0.4524559856056609
-0.5660868876864971
-1.3884077875300624
-0.2568937286063694
0.27134302901969887
-0.8114549017870093
-0.867527264021637
-1.186578009801147
-1.9407626865531025
-1.978076854715024
-1.2322174546264506
-1.259019031751628
-1.0863967064946507
-0.8252730151883216
-0.4367376084472997
-0.07517240897665767
0.31899087095656575
-0.3101196951158214
-0.3849391433672169
-1.0616642453623086
-0.6000474054887431
-0.9896599530568202
0.10688014722809183
-0.028007462804926858
-0.4738065695155538
0.179538547681063
-1.0598083141876644
-0.08425724418847949
0.42398508577497684
-0.7017714814146312
-0.8147169055024894
-0.4946333133972436
-0.1342616941317746
-0.47389410634805373
-1.4216555497655645
-0.8676422083606976
-0.3818627828914293
-0.45332916971305115
-0.5053503632653669
-0.20310608302028557
-1.5532235068381632
-2.0254894044601586
-2.717995943752555
-0.6876007319565891
-0.09245329399205732
0.3299858911706558
0.664507944846721
0.07763734107527417
-1.105968144418837
-2.1844422605203775
-2.5916556146752763
-3.5685817432799953
-1.8427172193737051
-1.4139085308600103
-1.194134809939423
-1.4443459356364352
-1.0409857646894431
-1.5926867961909377
-1.13538390242247
-1.7246494514575672
-1.4877575121652484
-0.21111091168423315
0.1939221869310123
0.0038434464622560394
-0.24323845814877917
0.1759999451730706
-0.77689012160134
-0.224828502940048
-0.17708797097222598
-0.6624348692523103
-1.0885688061170344
-1.5558888012249268
-2.6364614420988204
-2.376356310450059
-2.405601349904344
-2.395457440518392
-1.8979859677444197
-1.1468290004555708
-0.8921202554792287
-0.6033087663212413
-0.9232738260687299
-0.5732775146021728
-0.0547302717964194
0.12428192985743156
-0.8350999553974732
-1.0607908115191997
-1.496152444791081
-1.7834661593224959
-0.6845321881632768
-0.9071379172491141
-1.4289288836467062
-1.1432318232303038
-1.6069912096068477
-2.108687241845663
-1.995596969693865
-1.4798580093296436
-1.0355209835054016
-1.397366473466917
-2.2011093938589292
-2.0052240857765424
-0.8654219745741384
-0.6518291965712825
-0.6455292960326344
-0.853298834509765
-1.8221475399606128
-0.4533932961612147
-0.2908647035415075
-0.12506265003552255
0.0005920280995165561
-0.09724393359274022
0.20661863853723708
0.6563276805063898
0.010254018213915084
0.5572403012693224
0.7753494630466425
0.655483233653116
1.1754175620104812
1.353934810311916
1.2152592125457717
0.8529179088889779
0.896094194189829
-0.2853710172190055
0.37779008988145346
-0.3404949061368301
0.49216474101119856
-0.0921680502240518
0.2018846113538133
0.38057199911701556
0.923107686092102
0.6295696703024793
0.21590137218935765
0.026223992618573916
-0.7090170857984797
-0.11206400011188006
0.6144472776515202
0.016581711169560392
0.4122533232540323
-0.020494289892449946
0.3811075564070394
0.736493535741407
0.8096051107757836
0.6429081810895004
0.7650466241769942
0.7257492216997588
0.796622835931511
0.44761542432768286
0.8128754635895927
0.8052152661882442
0.6357230917502377
-0.6588432517121106
-1.2178824298412407
-1.797776075680729
-0.6150777314698411
-0.730857363250116
-0.5227087582439968
0.33275560527127956
0.3929821741335675
0.3796611624512807
0.6396312539931369
0.45869007021503483
1.1902219231809135
0.9157319004791307
0.5099460137227472
1.1153160239224813
0.7059273227220195
0.7478184272268584
0.9658576660444692
1.2027482846370567
0.9108452751927089
0.45789494966400524
0.751229447522048
-0.43254432657599207
0.21122159527428866
0.6041473762725688
0.726773965652856
0.48618762466589827
0.38133553165894285
0.23075993264865644
0.27246024923781964
0.37938709230168843
0.6046978615933624
0.2922253039325
0.9351304106899266
0.9169711059923418
-0.24226972927450205
0.459364481525957
-1.1900174089541335
-0.27739147661140284
0.540905683339628
0.6217961692017892
0.6205542481981651
1.0915973599523738
0.8324449690465903
0.14638558681875033
0.5332500286938848
1.0855668446155515
1.1040841617603174
0.6203750035208387
-0.19183123549955097
-0.7792849798677544
-1.9862637695222085
-2.3435825541944078
-0.5066231167053354
0.6581161810262582
0.5818334267567304
-0.9071553352617696
-2.4021996232589373
-2.426747195842885
-1.4387923285762934
-1.1730901076128137
-0.9340552286749946
-0.7717085789116396
-0.8184952224302728
-0.6209161641665962
-0.15002628262780257
-0.1750468277027212
-0.05791547447248249
0.15965206683789304
0.1630108829456465
0.5039220402690464
0.19300802541221107
0.46860458612852485
0.7681337309129403
0.5844794902395603
0.6776853667485255
0.9861033054479501
1.0674102214617227
0.9631281515750603
-0.2740097869196969
-0.1301782676235668
-0.03507993382273833
-1.5605635899024255
-2.1977638155228902
-3.2399911821860417
-4.310614383733722
-1.6079855595480925
-0.466353829733372
0.15931169277138865
0.19332565092980183
0.4633485894298681
0.6440019893161293
0.5459928060592998
0.4330371312340664
0.32210175227509863
0.5651443649969731
0.6167428577220185
-0.02424113103551115
-0.47387474041673605
-1.4163929142706115
-1.84519708523042
-2.463503832972132
-2.222119168191349
-1.646535388936738
-1.2937431873740697
-1.2687682774848976
-2.217180426252215
-1.3559890826498557
-0.508048947547437
-0.18330419572632464
0.565383211879621
0.1518861441178616
-0.16647747850813813
-0.030027826491826864
-0.47675621972701643
-0.4232485563623387
-0.2127531474080541
0.1830664495588683
0.21379269958163605
0.14511905002421405
-0.24001586525342092
-0.9584190333793041
0.35991027493884337
0.5521070736994182
0.9472260043899028
1.07282580248786
1.2099140267986597
1.1735606382516761
1.3130645892280088
1.1090305909258698
1.4689986765282954
1.277797304577556
1.307812824130438
1.4262802745657184
1.4473095894534433
1.323145460203847
1.3655224478669892
1.5175062706971814
1.731354931773895
1.5517752873609139
1.8310016115129935
1.8647425435032647
1.720722092459775
1.2047151500352686
1.7169509265811025
1.4744880309225625
1.3696803014906627
1.475542156525577
1.3218091964837944
1.4291984030972695
1.5082651416512556
1.6355712291635214
1.5218213898676303
1.9454762055159733
1.5261763160463078
1.0033283257328505
-0.19946617179271667
-2.1384597155190828
-2.7334415454419494
-2.4134012636426556
-3.293395793748467
-0.2660599233124078
0.5969473728400714
0.32051146245081275
0.09936970566594441
0.4804706441911616
0.5228211937533696
0.5802852075347583
0.6532049993987401
0.0017878599228495495
0.138350221191761
-0.14322276503929263
0.12091561727629026
0.5446017538156857
-0.369026334706697
-0.7241954432365303
0.028640426773444666
0.6075387817394203
0.8230998212012048
0.3338676124936542
0.48417112471203605
0.44403126733581966
1.0011847188282785
0.9526276588657983
1.2648525345664559
1.204623169842033
0.485597311065868
1.0112067409057133
1.497224372382081
1.3167012030707221
0.8898778952797153
0.7730708018952401
0.842338908181402
1.1068205010328502
0.9081329904573656
1.009001937524233
1.3448706169725337
1.154083848745671
1.1631427063698203
1.3369752873946825
1.2648090989985488
0.6369570394118713
0.8060636741556968
0.9839361075736724
-1.4943563996773477
-1.558248909264549
-1.232199674855358
-0.35276711654184223
-0.9514895020795573
0.01795880233648703
0.2790941868053218
0.1303703366753179
0.8951260677932441
0.7269545014461852
1.1593124121572955
1.4046353220987269
1.3678372460314672
0.7167289472845689
0.5832547200248853
0.43942034641372196
-0.8925736845166463
-1.692725399257087
-2.6243058112545095
-2.339903267602953
-0.4148375916936251
-2.237453725169109
-2.381648215161703
-1.045017640335281
-0.8828455877263548
-1.9759381304835786
-3.591542616533552
-2.1484541797008307
-1.4313692049946767
-0.9327630104360873
-0.25641778178151076
-0.010319568132493517
-0.40296625677760534
-0.7818251604225482
-0.9766303338331628
-0.07830964630295337
0.35918906317170407
0.6306938072337948
0.9024859954356955
0.8770505629312486
0.9554853883449151
0.8125008737027115
0.9383074041348433
0.2191182113333673
0.49019194722281334
-0.35799433391459834
0.3805989101139067
0.43194023527353653
0.27399802209491797
0.5128159466821028
0.8232875726164721
0.9541962241227051
0.4070990116616914
1.1013641948783093
0.6470755560932976
0.6548565112047802
0.1414385455783442
0.23890396970635233
0.13539867400587632
0.047974193099325796
-0.1082348000523578
-1.4728010379876224
-1.0398621703524367
-1.8982181241706846
-2.5460823949749614
-1.3755361328502567
-0.9152098500768249
-0.9207350783183184
-2.73518438690163
-0.9715509728874805
-1.5066541420268564
-2.6165326014960355
-0.765307059272745
-0.531528584862767
-0.6766871064141712
-0.6579257436249295
-1.4795762717573422
-1.2182803842085428
-0.16890521333644817
-1.1576957672490502
-1.5922579575804605
-2.52501356359513
-1.8314263040129595
-2.0835473850124937
-0.9694833850657261
-3.0682316035550175
-1.2892018571033836
-2.105576438938516
-2.0178910260101435
-0.23001238374856073
0.8198307088415898
0.8232299729746674
1.0698259987628775
0.7946073905323526
0.6982467269155866
-0.4450567447035725
-1.285006758862149
-0.7662167492724009
0.3707065335289639
0.8559226004628849
0.6261019324818615
-1.3595877125049853
-0.5697416713127432
0.39710773613274597
0.5385252346711533
0.9401414550005849
0.8628690946544205
0.9894766688224342
1.0180230076756664
0.795740824339674
1.056760765535365
0.8405610928700753
0.8530508972181914
0.874497490379895
0.6711532362787248
-0.7126477101414086
-0.13715344072742544
0.5914943319098118
0.9075971741219206
0.3312619660352586
-0.6485334508551361
-3.2467302243511873
-1.2986208815446816
-0.4118621344967499
-0.8610937182954213
0.3566597907942479
0.4339754810477606
0.38828835057311617
-0.2704450612964332
-0.38373967255624586
-0.3149106798607436
-0.7605406561136779
0.053846121121074675
0.7613532740891791
0.41105518701468746
0.24380184521426254
0.6647221300233068
0.7626702438155928
0.6352231945486722
0.23276552811194473
-0.8932212647442066
-0.44801685816375114
-1.5348327524018515
-2.2548066424380258
-2.685071295463773
-0.6488132460720286
-2.1076858851645928
-0.2725508813008667
0.2690192816126601
0.6832182061298273
0.6057023041889327
0.4549448539617622
0.47899689919778365
-0.2633566434125846
0.44395005770250096
0.6085455566526674
0.1668911128567845
-1.1471440542619813
-0.6624468518316682
0.11172558123362078
-0.3393333527223209
-2.4657031319190703
-0.7268116122251737
-1.435199297241965
-0.4693413553612755
0.4195615292892705
1.1308001413633582
0.8483350561526198
0.6719452407464557
-0.9744356505515706
-0.5306203961884194
0.5733028019174883
0.14566221232624496
-2.0107906035454017
-0.24814425953092026
-0.3031206031890803
-1.0640888784151732
0.3565438151741419
0.12340141620317666
-2.009424466101576
-1.8980902974394895
-3.156358343051931
-2.2604475862947435
-0.6938039155220053
-1.2565172492399213
-0.9862143260453415
-0.8246692174234955
-0.597461933978367
-0.4478566299892185
-0.45565699452661623
-0.16339488837706437
-0.74574947220285
0.2236312143110911
-0.0487543330836511
0.30931627462978745
0.36143123552261935
0.20175795381372827
-0.4706167175983006
-0.1304978581385914
-0.5335960670794551
-1.4905606712053403
-0.3864730920412409
-0.6290972621012131
-0.7317774176274809
-0.229054487950717
-0.9434681901156075
-0.6809969797092362
-0.12050688982735624
0.5260892121218076
0.7013752813532577
0.7618909832192062
0.5260679773097575
0.6803454882582081
0.054039982260547265
-0.24294001346260022
-0.2228995244052218
-0.5867623639814648
-0.5107514994723752
0.011314892366869833
0.20666324755731796
-0.00959938251983547
-0.5589100509071019
-0.6348938138087388
-2.067419820349818
-3.377145123307345
-3.3084682262493126
-3.3072684064430624
-2.8478793326343594
